o_1 = 1
o_2 = 2
o_3 = 0.9809617665810018
o_4 = 0.013485330333937583
o_5 = 0.9944841345561256
o_6 = 0.00015849349105631882


err_6 = -2.5116230450693366e-08
err_5 = 5.805115075835494e-10
err_4 = -2.0377217439183472e-10
err_3 = 2.184076430542656e-09
err_2 = 0
err_1 = 0

w_36 = -4.656232118350146
w_46 = 0.6098531576010785
w_56 = -4.21351811113224
w_13 = -2.4115831515122927
w_14 = 1.94148485138433
w_15 = 4.038919115826946
w_23 = 3.1768336969757995
w_24 = -3.11703029723134
w_25 = 0.5778382316531407