##These are final output answers, not after one iteration.
o_1 = 1
o_2 = 2
o_3 = 0.9809617665810018
o_4 = 0.013485330333937583
o_5 = 0.9944841345561256
o_6 = 0.00015849349105631882


err_6 = -2.5116230450693366e-08
err_5 = 5.805115075835494e-10
err_4 = -2.0377217439183472e-10
err_3 = 2.184076430542656e-09
err_2 = 0
err_1 = 0

w_36 = -4.656232118350146
w_46 = 0.6098531576010785
w_56 = -4.21351811113224
w_13 = -2.4115831515122927
w_14 = 1.94148485138433
w_15 = 4.038919115826946
w_23 = 3.1768336969757995
w_24 = -3.11703029723134
w_25 = 0.5778382316531407

##From just one iteration
weights  [-0.0011326458827956695, -0.0013962218670380167, -0.004461133658813802, -0.11346127339699999, 0.4773470823440866, 1.910777326823724, -3.0279244373407606, -3.044611336588138, 1.9860377813296197, 3.988673541172043, -0.6295153698054667, 0.6796904320619369, 0.37298917134759924]
weights = [err_5, err_4, err_3,err_6, w_25,w_23,w_24,w_13,w_14,w_15,w_36,w_46,w_56]